57	1	0.02019189273296274	德
236	1	0.01384648548650172	極
225	1	0.01066929518693339	服
220	1	0.00917542451843758	則
85	1	0.00874132981487948	福
119	1	0.0071903326696116125	國
227	1	0.006947020356442018	得
199	1	0.006341015261140999	樂
218	1	0.005566742665927227	力
261	1	0.004104773712267387	息
263	1	0.0029865839687044024	食
447	1	0.002825049359717971	處
176	1	0.0024884873396626614	道
36	1	0.0023174894090370744	祀
259	1	0.0022759349061666516	殖
709	1	0.0019508013481428445	嗟
201	1	0.0019216988098306527	宇
257	1	0.0018207479249333215	岡
258	1	0.0017882345691309408	側
77	1	0.0015300402730532114	敬
99	1	0.001315313030187221	上
247	1	0.0013005342320952296	强
492	1	0.0009754006740714222	良
385	1	0.0008670228213968198	愛
378	1	0.0006502671160476148	革
214	1	0.0006314623989843525	燿
611	1	0.000590374092201124	序
496	1	0.0005834644648402024	勛
260	1	0.00039016026962856895	駕
256	1	0.00031464537873271685	忒
491	1	0.0002610631215897042	胄
222	1	0.0002517163029861735	式
223	1	0.0002517163029861735	勖
251	1	0.0002295060409579817	瀆
97	1	0.00017734557710389495	瑩
588	1	0.00011475302047899085	伯
589	1	0.00011475302047899085	羽
590	1	0.00011475302047899085	泯
386	1	8.128338950595185e-05	㱙
390	1	7.50308210824171e-05	號
391	1	7.50308210824171e-05	臺
394	1	7.50308210824171e-05	畿
396	1	7.50308210824171e-05	饑
397	1	7.50308210824171e-05	射
398	1	7.50308210824171e-05	闡
395	1	7.50308210824171e-05	殷
350	1	7.225190178306831e-05	荒
2	1	6.292907574654338e-05	考
305	2	0.018161296299854777	章
325	2	0.0179903989098631	陽
329	2	0.016482662678592455	昌
219	2	0.008728129108042436	方
241	2	0.00854705979476866	名
114	2	0.006478779943274455	行
621	2	0.005708416325875133	吉
316	2	0.005008366855522042	皇
417	2	0.004075007260565053	彊
302	2	0.003592950562862167	疆
598	2	0.0034789290708547396	老
400	2	0.0033597134329126765	主
613	2	0.0027511301063552936	辰
144	2	0.0027264760708388108	首
636	2	0.0020288334020685584	升
603	2	0.0019508013481428445	百
625	2	0.0019508013481428445	畺
410	2	0.001449307466221275	香
324	2	0.001137967453083326	朔
334	2	0.0010640734626233697	守
72	2	0.0010098265802151196	物
310	2	0.0009628955372243527	康
337	2	0.0007944795813001101	場
582	2	0.00046241217141163726	熟
631	2	0.000356717960803263	寺
323	2	0.00023213836830947112	嶽
414	2	0.00022069671817373594	昂
545	2	0.0	炳
95	3	0.020695154699792294	孫
279	3	0.0161420071409411	年
63	3	0.013664918388939788	石
96	3	0.011452227308089345	長
266	3	0.010469816653379324	公
268	3	0.0069000566202830245	三
285	3	0.0058271158788044605	竟
168	3	0.004482071285823006	立
3	3	0.00191467539725131	起
278	3	0.0017701715936851714	實
647	3	0.0013005342320952296	下
231	3	0.001127645752828602	直
283	3	0.0011199044776375585	先
286	3	0.0005057633124814782	化
10	3	0.0004762057162974957	疾
11	3	0.0004762057162974957	喪
60	3	0.0004338794169893253	儉
292	3	0.00036763467671972993	昏
623	3	0.0002786859068775492	帛
265	3	0.00018062975445767078	句
270	3	0.00018062975445767078	胸
274	3	0.00018062975445767078	仲
275	3	0.00018062975445767078	過
282	3	0.00018062975445767078	封
284	3	0.00018062975445767078	恙
291	3	0.00018062975445767078	幽
293	3	0.00018062975445767078	驎
177	3	0.00012585815149308675	墜
489	3	0.0	隆
18	4	0.029675849386824094	人
367	4	0.00835968398226597	親
360	4	0.008231126271502864	民
38	4	0.005810892042676806	絕
357	4	0.003787901098757713	神
23	4	0.0034516160740802175	淵
295	4	0.0028268556572625474	泉
356	4	0.002601068464190459	墳
281	4	0.0021314311026005145	陳
377	4	0.0019074502070730035	身
354	4	0.001625667790119037	醇
359	4	0.001625667790119037	繽
288	4	0.001625667790119037	塵
262	4	0.0013662320139951898	軌
273	4	0.0008308968705052856	真
375	4	0.0007002876634358929	父
703	4	0.0004877003370357111	金
696	4	0.0003251335580238074	河
702	4	0.0003251335580238074	卿
448	4	6.502671160476148e-05	顔
443	4	6.502671160476148e-05	旬
444	4	6.502671160476148e-05	瞿
450	4	6.502671160476148e-05	識
451	4	6.502671160476148e-05	西
452	4	6.502671160476148e-05	逐
454	4	6.502671160476148e-05	甘
456	4	6.502671160476148e-05	埽
455	4	6.502671160476148e-05	篇
15	4	5.911519236796499e-05	淋
21	4	5.911519236796499e-05	施
31	4	5.911519236796499e-05	洽
37	4	5.911519236796499e-05	延
27	4	5.911519236796499e-05	琚
8	4	5.911519236796499e-05	溢
373	4	5.002054738827806e-05	達
355	4	5.002054738827806e-05	嶷
358	4	5.002054738827806e-05	繩
353	4	5.002054738827806e-05	坤
363	4	5.002054738827806e-05	戔
352	4	5.002054738827806e-05	鑠
369	4	5.002054738827806e-05	哲
309	4	0.0	縣
476	4	0.0	群
100	5	0.012144032239636653	成
40	5	0.011348912589585963	靈
555	5	0.010657711296862446	生
224	5	0.008518499220223753	庭
130	5	0.007602551481090403	寧
242	5	0.00578199545668264	聲
91	5	0.005098810991437356	榮
289	5	0.003346639880754377	清
318	5	0.0030979392349140215	聽
294	5	0.0022053983554783624	征
93	5	0.0011379674530833258	顯
562	5	0.0009754006740714222	齡
421	5	0.0007788525449316123	精
382	5	0.0005527270486404727	冥
525	5	0.0004998928454616039	傾
508	5	0.0004877003370357111	青
644	5	0.0003673586954294967	城
473	5	0.0002709446316865062	鳴
581	5	0.00021675570534920494	定
174	5	0.00020534751033082573	廎
619	5	0.00017734557710389498	盈
552	5	0.00010837785267460247	岳
501	5	0.0	惻
41	6	0.029145809876797928	子
56	6	0.009212992578014978	母
45	6	0.005176691693405143	月
34	6	0.004782713968289929	意
403	6	0.002659747330138566	里
399	6	0.0023890020557061436	紀
479	6	0.002354895913115291	止
477	6	0.0022690182450720467	已
484	6	0.0019508013481428445	如
441	6	0.0015412291103110653	祉
482	6	0.001255298258804961	寶
629	6	0.0012508352453687334	市
453	6	0.0011704808088857065	遷
412	6	0.0010187518151412631	古
217	6	0.0009754006740714222	中
39	6	0.0006502671160476148	烏
499	6	0.00039016026962856895	事
0	7	0.027056817364597738	君
73	7	0.005710348674874226	雲
287	7	0.004959189908635351	分
76	7	0.0034825416659438895	恩
80	7	0.003116022643589931	文
271	7	0.0019336103784082523	何
546	7	0.0018215924276814355	時
209	7	0.0015032819156701662	慶
547	7	0.0014979367494668272	刑
408	7	0.001249833634676939	京
82	7	0.0011763372518563218	賢
494	7	0.001115130320873807	政
70	7	0.0006684363442901218	夏
75	7	0.0006502671160476148	海
78	7	0.0006038194649013566	尊
326	7	0.000504889297540554	州
160	7	0.0004928340247939818	讓
372	7	0.000440180817016847	豫
710	7	0.00039016026962856895	誰
404	7	0.00028822650549137525	聞
338	7	0.00026103912902269847	馨
393	7	0.00025237639818631206	賦
380	7	0.00024385016851785556	元
322	7	0.0002250924632472513	刊
573	7	0.00019508013481428447	慈
652	7	0.00010267375516541287	亡
371	7	0.00010004109477655612	偶
504	7	9.754006740714224e-05	朽
600	7	8.867278855194747e-05	冠
401	7	8.670228213968198e-05	經
343	7	8.481744991925411e-05	嗣
674	7	8.481744991925411e-05	形
402	7	4.335114106984099e-05	呈
406	7	4.335114106984099e-05	鎮
407	7	4.335114106984099e-05	藩
409	7	4.335114106984099e-05	允
413	7	4.335114106984099e-05	侃
415	7	4.335114106984099e-05	榘
418	7	4.335114106984099e-05	傳
141	8	0.014969478639908102	羊
52	8	0.011991310186492028	日
94	8	0.010348770741725258	忘
125	8	0.0032492379443798567	萬
126	8	0.0025926779207575868	士
142	8	0.002013730423889388	川
151	8	0.0018186502890751035	凶
155	8	0.0013378097882243759	師
387	8	0.0011921563794206273	臧
92	8	0.0011864522819114375	歸
127	8	0.0007131961917941582	怒
55	8	0.000603353773542872	度
178	8	0.00048712992728479213	哀
131	8	0.0004509917095168941	外
89	8	0.0003251335580238074	房
109	8	0.00030892455366484924	學
66	9	0.030787528906676596	明
32	9	0.003970857786233436	存
46	9	0.003238884034050704	心
567	9	0.0026858859141097135	貴
471	9	0.0017232078575261794	揚
339	9	0.0013429885578343833	芳
649	9	0.001268020876292849	剛
335	9	0.0012248716815323395	望
327	9	0.0011848645976277738	梁
58	9	0.0009832668085397402	少
672	9	0.0009754006740714222	色
700	9	0.0009289530229251641	忽
699	9	0.0008386381456963288	常
673	9	0.0001625667790119037	慕
29	9	0.00011823038473592998	覆
253	9	0.0	府
313	9	0.0	黍
493	9	0.0	貢
671	9	0.0	益
666	9	0.0	堈
298	10	0.005917430756033295	龍
149	10	0.005765095356749141	功
48	10	0.005368350366654032	命
145	10	0.004234337943231586	通
297	10	0.003036747431942361	山
300	10	0.002926202022214267	雙
374	10	0.002845744729627303	邦
290	10	0.0028091539413256958	門
139	10	0.002575830692220637	從
376	10	0.0018283826400610059	頌
148	10	0.0017386174132538582	蒙
370	10	0.0017257088848955933	樞
140	10	0.0012183768276483537	風
65	10	0.00039016026962856895	至
164	10	0.00039016026962856895	席
303	10	0.0002745572267756596	域
304	10	0.00018007397059780102	豐
579	10	0.00014450380356613663	今
585	10	0.00014450380356613663	盛
301	10	0.00013005342320952296	赫
575	10	7.225190178306831e-05	社
577	10	7.225190178306831e-05	穀
578	10	7.225190178306831e-05	跡
580	10	7.225190178306831e-05	緒
584	10	7.225190178306831e-05	芬
586	10	7.225190178306831e-05	奏
587	10	7.225190178306831e-05	侵
5	11	0.020662470741273333	光
133	11	0.005363654889463714	右
117	11	0.005052108216135365	宮
207	11	0.0032150027290873406	堂
416	11	0.00216755705349205	相
215	11	0.0007243020755222018	蕩
182	11	0.0005139402438521037	桑
307	11	0.00046519109071098603	彰
240	11	0.0004509917095168941	蒼
341	11	0.0003001232843296684	祥
564	11	0.00019508013481428447	匡
565	11	0.0001500616421648342	合
129	11	0.00012585815149308675	賴
146	11	9.439361361981506e-05	邈
110	11	6.292907574654338e-05	妙
111	11	6.292907574654338e-05	蓺
112	11	6.292907574654338e-05	籍
113	11	6.292907574654338e-05	回
115	11	6.292907574654338e-05	近
118	11	6.292907574654338e-05	除
121	11	6.292907574654338e-05	𨞓
123	11	6.292907574654338e-05	向
124	11	6.292907574654338e-05	徒
128	11	6.292907574654338e-05	並
136	11	6.292907574654338e-05	提
143	11	6.292907574654338e-05	廧
150	11	6.292907574654338e-05	帝
153	11	6.292907574654338e-05	耇
330	11	0.0	贄
614	11	0.0	吝
69	12	0.003916840694373407	室
7	12	0.0031775525037335147	和
83	12	0.0031387978660451176	仁
361	12	0.0020604785851519015	臣
71	12	0.0014337903019078764	純
221	12	0.001131577982017838	業
35	12	0.0009716032385264603	昆
315	12	0.0006948506474154279	勳
20	12	0.0006536177747243416	聖
120	12	0.0005939139622375489	嘉
132	12	0.0004898103119283893	朝
468	12	0.00043856904382322465	舊
458	12	0.00038759861129262374	弼
365	12	0.00036485575742038116	震
14	12	0.0002955759618398249	丘
49	12	0.00026473611176132037	永
134	12	0.00021899318359797093	恭
405	12	0.00021675570534920494	會
392	12	0.00013453802400985134	司
54	12	0.0	財
61	12	0.0	禮
248	13	0.007708563128711684	武
116	13	0.0015154897947836279	舉
239	13	0.0013005342320952296	億
245	13	0.0013005342320952296	造
540	13	0.0012773104065221007	虎
541	13	0.0007550521280833122	輔
147	13	0.0004575070936219655	肱
539	13	0.0004453907493552105	旅
604	13	0.00041069502066165146	衍
560	13	0.00039016026962856895	職
388	13	0.00038879607288161584	茂
389	13	0.00038879607288161584	署
156	13	0.000366132804343525	愴
157	13	0.00027746001579157756	誦
137	13	0.0002682765860773691	蹤
434	13	0.00016670484247766125	然
411	13	0.00013005342320952296	惠
255	13	0.00011475302047899085	興
537	13	8.867278855194747e-05	彥
538	13	8.867278855194747e-05	堅
542	13	8.867278855194747e-05	弔
543	13	8.867278855194747e-05	咎
186	14	0.007634838377320274	王
211	14	0.00281647698658434	壽
180	14	0.002314088333893935	胥
188	14	0.0018376412405239685	作
544	14	0.0016104096796564946	同
200	14	0.0010948374913046575	用
655	14	5.272436076061742e-05	庸
184	15	0.003402213884401085	授
364	15	0.002038109939947839	像
191	15	0.0017915522584985308	載
192	15	0.0017915522584985308	代
362	15	0.0017493549618427793	辭
368	15	0.0016803331026219411	撫
366	15	0.0016106616259025537	漢
25	15	0.00041882666245163876	報
204	15	0.00028200359624513905	賈
183	15	0.0002026002307141548	孝
195	15	0.00019906136205539228	義
51	15	0.00018236589297977875	廟
181	15	0.00011943681723323536	卦
185	15	0.00011943681723323536	頭
187	15	0.00011943681723323536	吐
193	15	0.00011943681723323536	圖
194	15	0.00011943681723323536	讖
196	15	0.00011943681723323536	奧
197	15	0.00011943681723323536	族
202	15	0.00011943681723323536	熹
203	15	0.00011943681723323536	解
205	15	0.00011943681723323536	汙
206	15	0.00011943681723323536	注
208	15	0.00011943681723323536	澍
210	15	0.00011943681723323536	誠
212	15	0.00011943681723323536	紫
213	15	0.00011943681723323536	銘
216	15	0.00011943681723323536	窮
701	15	8.867278855194747e-05	夫
332	15	0.0	變
154	16	0.006478214633311015	傷
383	16	0.0061399878280869345	平
108	16	0.0024192733564782232	質
135	16	0.0007131961917941582	鍾
550	16	0.0	氣
551	16	0.0	尹
572	16	0.0	隱
624	16	0.0	粮
618	16	0.0	乂
22	17	0.006143813962977041	世
296	17	0.0026020537173965927	哉
26	17	0.0010345158664393872	有
67	17	0.0007241081359050909	祠
466	17	0.0007044560423849161	滅
267	17	0.0005353209086654607	簿
460	17	0.0005238262879272452	栗
104	17	0.00026601836565584244	遂
423	17	5.4188926337301235e-05	倉
457	17	5.4188926337301235e-05	闕
459	17	5.4188926337301235e-05	梱
461	17	5.4188926337301235e-05	煩
462	17	5.4188926337301235e-05	位
463	17	5.4188926337301235e-05	六
464	17	5.4188926337301235e-05	季
465	17	5.4188926337301235e-05	碑
467	17	5.4188926337301235e-05	雕
469	17	5.4188926337301235e-05	松
470	17	5.4188926337301235e-05	歿
472	17	5.4188926337301235e-05	集
474	17	5.4188926337301235e-05	甞
475	17	5.4188926337301235e-05	㐬
576	18	0.002603860755733053	土
1	18	0.001992604234174477	雨
661	18	0.0019508013481428445	許
189	18	0.0017992935336895736	語
657	18	0.0014631010111071333	女
269	18	0.0005780152142645465	斯
583	18	0.00028900760713227325	亨
426	18	0.00024088155777068167	魯
606	18	0.00020534751033082573	宿
607	18	0.00020534751033082573	落
608	18	0.00020534751033082573	禹
609	18	0.00020534751033082573	丑
610	18	0.00020534751033082573	虧
605	18	0.00017492565694848117	居
658	18	0.0001393429534387746	阻
518	19	0.0031090896486026583	欣
517	19	0.0018288762638839157	隣
524	19	0.0015240635532365974	憐
526	19	0.0015240635532365974	遺
429	19	0.0004313413736025225	應
138	19	0.0003859535977172511	約
317	19	0.00027198672642376196	勤
519	19	0.0002067425341781819	間
513	19	0.00012192508425892778	均
514	19	0.00012192508425892778	穹
515	19	0.00012192508425892778	銀
516	19	0.00012192508425892778	勲
520	19	0.00012192508425892778	巍
521	19	0.00012192508425892778	确
522	19	0.00012192508425892778	貧
523	19	0.00012192508425892778	卵
527	19	0.00012192508425892778	稷
528	19	0.00012192508425892778	龔
529	19	0.00012192508425892778	贏
16	20	0.003937071811706468	流
33	20	0.0020099165405108093	修
17	20	0.0014852692082451201	期
28	20	0.0009532324769334354	離
12	20	0.0007241611065075711	游
19	20	0.0005468155294036761	滋
442	21	0.003804062628878547	午
446	21	0.001972476918677765	星
24	21	0.0014187646168311596	此
445	21	0.001365560943699991	歲
449	21	0.0004118358401634894	營
198	22	0.0031632281590721185	思
190	22	0.0029643554499415503	來
159	22	0.0009647840680951347	備
122	23	0.0022099579834466286	微
152	23	0.001574707577798797	逝
272	23	0.0015317403178010478	悲
280	23	0.0014304305859530503	言
668	23	0.00024385016851785556	央
670	23	8.481744991925411e-05	他
530	24	0.0033163622918428357	大
427	24	0.00244556980600516	千
430	24	0.00026253020213102467	制
435	24	0.00016963489983850823	崇
235	25	0.0021808712860073567	兄
42	25	0.0021395885753824747	弟
506	26	0.0025271744737305033	天
170	26	0.001283421939567661	貞
635	27	0.00187276929421713	足
612	27	0.00030634806356020963	烈
627	27	0.0001502839557087821	懷
486	27	7.803205392571378e-05	后
626	27	7.803205392571378e-05	巟
628	27	7.803205392571378e-05	賊
630	27	7.803205392571378e-05	圮
632	27	7.803205392571378e-05	峨
633	27	7.803205392571378e-05	治
634	27	7.803205392571378e-05	渥
249	28	0.001222365148700617	夜
276	28	0.00045157438614417696	秋
342	28	0.0003341027596244641	祖
264	28	0.0	賜
6	29	0.0007093823084155798	結
30	29	0.0007093823084155798	志
277	30	0.0006033033798886205	秀
505	30	0.0002473842289311578	休
229	31	0.00031413870340464485	沛
230	31	0.00014450380356613663	怙
531	31	0.00013754181067987154	裔
13	32	0.00031331051955021445	都
9	32	0.0002541953271822495	辜
43	33	0.0	沒
44	34	0.0	怛
47	35	0.0	內
50	36	0.0	贖
53	37	0.0	呼
59	38	0.0	皆
62	39	0.0	情
64	40	0.0	儀
68	41	0.0	慎
74	42	0.0	宣
79	43	0.0	懃
81	44	0.0	異
84	45	0.0	慨
86	46	0.0	發
87	47	0.0	蘭
88	48	0.0	墓
90	49	0.0	控
98	50	0.0	挺
101	51	0.0	圡
102	52	0.0	一
103	53	0.0	屏
105	54	0.0	苓
106	55	0.0	範
107	56	0.0	軨
158	57	0.0	淑
161	58	0.0	薌
162	59	0.0	召
163	60	0.0	巷
165	61	0.0	紼
166	62	0.0	㓝
167	63	0.0	仆
169	64	0.0	運
171	65	0.0	配
172	66	0.0	瑛
173	67	0.0	姑
175	68	0.0	十
179	69	0.0	銷
226	70	0.0	特
228	71	0.0	災
232	72	0.0	𧦡
233	73	0.0	告
234	74	0.0	毓
237	75	0.0	勒
238	76	0.0	軄
243	77	0.0	融
244	78	0.0	源
246	79	0.0	遠
250	80	0.0	取
252	81	0.0	矩
254	82	0.0	弛
299	83	0.0	峻
306	84	0.0	儒
308	85	0.0	是
311	86	0.0	廱
312	87	0.0	饁
314	88	0.0	觥
319	89	0.0	終
320	90	0.0	敶
321	91	0.0	譽
328	92	0.0	岐
331	93	0.0	亢
333	94	0.0	葉
336	95	0.0	基
340	96	0.0	札
344	97	0.0	威
345	98	0.0	𩔜
346	99	0.0	鼎
347	100	0.0	隕
348	101	0.0	𣧑
349	102	0.0	空
351	103	0.0	萌
379	104	0.0	猶
381	105	0.0	攜
384	106	0.0	藐
419	107	0.0	謩
420	108	0.0	尼
422	109	0.0	衰
424	110	0.0	聘
425	111	0.0	臻
428	112	0.0	徵
431	113	0.0	藝
432	114	0.0	談
433	115	0.0	雒
436	116	0.0	稱
437	117	0.0	予
438	118	0.0	恃
439	119	0.0	理
440	120	0.0	佛
478	121	0.0	𠛱
480	122	0.0	夭
481	123	0.0	祚
483	124	0.0	潛
485	125	0.0	動
4	126	0.0	利
487	127	0.0	稔
488	128	0.0	稙
490	129	0.0	迹
495	130	0.0	迸
497	131	0.0	翰
498	132	0.0	程
500	133	0.0	駒
502	134	0.0	耉
503	135	0.0	幾
507	136	0.0	績
509	137	0.0	沂
510	138	0.0	竝
511	139	0.0	敷
512	140	0.0	與
532	141	0.0	堯
533	142	0.0	祭
534	143	0.0	寍
535	144	0.0	𢅷
536	145	0.0	嵗
548	146	0.0	懼
549	147	0.0	勅
553	148	0.0	䡈
554	149	0.0	㜰
556	150	0.0	綽
557	151	0.0	逴
558	152	0.0	潤
559	153	0.0	虐
561	154	0.0	榷
563	155	0.0	旳
566	156	0.0	炯
568	157	0.0	爭
569	158	0.0	苟
570	159	0.0	鬯
571	160	0.0	珍
574	161	0.0	冊
591	162	0.0	憫
592	163	0.0	素
593	164	0.0	介
594	165	0.0	范
595	166	0.0	蒸
596	167	0.0	雄
597	168	0.0	忠
599	169	0.0	朋
601	170	0.0	昔
602	171	0.0	艾
615	172	0.0	壯
616	173	0.0	飛
617	174	0.0	襟
620	175	0.0	量
622	176	0.0	閑
637	177	0.0	性
638	178	0.0	本
639	179	0.0	兆
640	180	0.0	覿
641	181	0.0	幹
642	182	0.0	樹
643	183	0.0	繆
645	184	0.0	霆
646	185	0.0	繼
648	186	0.0	彧
650	187	0.0	姿
651	188	0.0	罹
653	189	0.0	高
654	190	0.0	縱
656	191	0.0	歷
659	192	0.0	侶
660	193	0.0	鑒
662	194	0.0	汝
663	195	0.0	覩
664	196	0.0	數
665	197	0.0	卜
667	198	0.0	浦
669	199	0.0	薪
675	200	0.0	楨
676	201	0.0	鉉
677	202	0.0	險
678	203	0.0	選
679	204	0.0	殿
680	205	0.0	齊
681	206	0.0	𥚝
682	207	0.0	佐
683	208	0.0	九
684	209	0.0	往
685	210	0.0	桓
686	211	0.0	莭
687	212	0.0	殊
688	213	0.0	牧
689	214	0.0	優
690	215	0.0	郡
691	216	0.0	組
692	217	0.0	舒
693	218	0.0	戻
694	219	0.0	徂
695	220	0.0	模
697	221	0.0	迴
698	222	0.0	毗
704	223	0.0	周
705	224	0.0	藥
706	225	0.0	翺
707	226	0.0	潔
708	227	0.0	宦
