116	1	0.03011371793580874	明
60	1	0.017936253216191682	成
112	1	0.017285790974383233	方
38	1	0.016838645591870514	生
132	1	0.01477942246761748	靈
73	1	0.01373019914212383	寧
209	1	0.010654879216351594	名
210	1	0.008488859996101755	聲
57	1	0.008307000163440785	榮
37	1	0.006917979958326175	庭
207	1	0.006384610289014713	聽
39	1	0.006187614770697379	清
246	1	0.00297712101389664	征
331	1	0.0024942145217908456	刑
305	1	0.002428642825544098	天
131	1	0.0021303884434597346	貞
342	1	0.0019173495991137613	精
302	1	0.001413430794218478	良
95	1	0.001232581885144561	難
306	1	0.0009586747995568806	青
133	1	0.0008521553773838939	廎
240	1	0.0007669398396455046	冥
204	1	0.0007669398396455046	彰
405	1	0.0007221186801857023	城
411	1	0.0006391165330379205	亡
425	1	0.0006042556312358522	會
50	1	0.0005794656566210478	朝
407	1	0.0005506234746172853	下
422	1	0.0005153350701175327	形
354	1	0.0004793373997784403	熟
124	1	0.000440633137684529	麗
40	1	0.00041086062838152025	盈
347	1	0.0003834699198227523	傾
26	1	0.0001667260520968488	賢
206	1	0.0	觥
304	1	0.0	惻
80	2	0.029138212353955414	光
115	2	0.02323463803134865	章
212	2	0.013646801493291984	陽
79	2	0.010920542840829387	羊
241	2	0.009379747858160252	平
215	2	0.009360013796943447	昌
119	2	0.008819616612506808	皇
172	2	0.008817241751741424	行
90	2	0.008529807876249747	忘
88	2	0.00668716020956899	傷
203	2	0.005421632648134349	疆
255	2	0.0052637796447719395	相
256	2	0.004571343254164087	彊
74	2	0.003674920064968042	右
217	2	0.0035422068492567517	堂
72	2	0.0033553617984490823	萬
78	2	0.0029079802253225385	從
214	2	0.002684289438759266	梁
205	2	0.0026442568647118353	康
218	2	0.0022410098558033583	望
86	2	0.0019173495991137613	凶
242	2	0.0018233618736670084	臧
253	2	0.001690753737400317	香
76	2	0.001278233066075841	鍾
384	2	0.001278233066075841	忠
397	2	0.001278233066075841	畺
87	2	0.0009586747995568806	宮
213	2	0.0006972180360413678	桑
114	2	0.0006225161036083641	綱
257	2	0.0005899537228042343	傳
343	2	0.0003834699198227523	匡
254	2	0.0003486090180206839	昂
221	2	0.00029497686140211713	祥
248	2	0.0001667260520968488	經
89	2	0.0	愴
17	3	0.026312893237054866	人
42	3	0.0174147000021278	君
234	3	0.015945375192814085	親
33	3	0.014864884605937977	民
36	3	0.010628355773817525	神
189	3	0.0053568697800127196	心
228	3	0.005112932264303364	墳
101	3	0.004656420454990563	淵
227	3	0.0031955826651896024	醇
229	3	0.0031955826651896024	繽
22	3	0.0030471892612453943	純
251	3	0.0030427504507674905	身
15	3	0.0030136126637662006	昆
273	3	0.002720948720416203	遷
197	3	0.002091022570047979	塵
230	3	0.001785412438960186	臣
41	3	0.0012691028298895848	坤
332	3	0.0012450322072167282	勳
232	3	0.0009586747995568807	震
188	3	0.0009272672737787387	夜
9	3	0.0006391165330379205	此
70	3	0.00042607768869194697	嘉
438	3	0.0003486090180206839	卿
30	3	0.00031955826651896023	玄
231	3	0.00019173495991137615	戔
236	3	0.00019173495991137615	偶
184	3	0.00017430450901034195	簿
393	3	0.0001322310068354318	永
97	4	0.02964432477658925	年
31	4	0.012455176070282346	文
43	4	0.011614852254620276	孫
108	4	0.0099340337909538	言
23	4	0.007260919568817765	雲
106	4	0.006850720551754089	患
196	4	0.006362527221855725	存
192	4	0.005749903783805532	陳
113	4	0.005037657043766937	常
263	4	0.004493293568462789	然
98	4	0.004227576028060356	門
99	4	0.004154257464746482	殘
104	4	0.003384274213038893	寒
194	4	0.003098001935786377	竟
111	4	0.0024514684160097376	霜
107	4	0.0020929717787767058	安
200	4	0.0019458397220777324	泉
100	4	0.001721903954976955	復
186	4	0.0014104640729112727	何
193	4	0.001150409759468257	先
105	4	0.001048593792300311	前
176	4	0.000820199550731998	取
118	4	0.0006695506536587737	縱
54	4	0.0005899537228042343	保
307	4	0.00045114108214441444	竝
44	4	0.0003486090180206839	優
199	4	0.0	驎
156	5	0.01602368021573753	德
168	5	0.012277685349816977	極
158	5	0.011379939472493841	則
161	5	0.011085479271243516	服
180	5	0.010481511141821897	福
175	5	0.006550107161277105	武
157	5	0.005392656193912933	力
223	5	0.005294222958999197	國
183	5	0.005224155141481391	食
182	5	0.004630616158437764	息
181	5	0.004473815731265443	殖
163	5	0.0030358035319301225	得
134	5	0.001964767922532704	道
171	5	0.0019173495991137613	億
179	5	0.0019173495991137613	側
174	5	0.0016154292888637047	造
239	5	0.001278233066075841	革
166	5	0.0009586747995568806	告
327	5	0.0006225161036083641	旅
178	5	0.0006184998706818585	忒
165	5	0.0005899537228042343	直
159	5	0.0004947998965454868	式
160	5	0.0004947998965454868	勖
326	5	0.0003486090180206839	茂
363	6	0.010623168139620779	雨
25	6	0.006336101687454745	恩
372	6	0.004454171889773801	女
362	6	0.004098092678509818	主
414	6	0.0038346991982275225	許
140	6	0.0036355541915562865	語
349	6	0.003367512035835408	土
374	6	0.0026174727103053016	所
369	6	0.0023618260970901333	后
351	6	0.0023401497671234625	處
377	6	0.0017895262925061773	者
365	6	0.0017890264946308792	序
329	6	0.0015485433919537838	輔
371	6	0.001533879679291009	黍
388	6	0.001278233066075841	宇
353	6	0.0011466324409107127	緒
366	6	0.0008369383170734673	阻
145	6	0.0007595297928856446	思
376	6	0.0005965087641687258	數
364	6	0.0003408621509535576	柱
367	6	0.0003408621509535576	兆
368	6	0.0003408621509535576	脯
370	6	0.0003408621509535576	暑
373	6	0.0003408621509535576	俎
375	6	0.0003408621509535576	耦
378	6	0.0003408621509535576	瞻
379	6	0.0003408621509535576	巖
380	6	0.0003408621509535576	殷
381	6	0.0003408621509535576	檀
382	6	0.0003408621509535576	耘
420	6	0.0001533879679291009	魯
82	7	0.011853075511135023	通
85	7	0.009196160741872272	功
201	7	0.007988956662974006	龍
237	7	0.0040427025789798645	邦
84	7	0.0035293435213316275	蒙
235	7	0.0033873176251009787	樞
238	7	0.0033873176251009787	頌
202	7	0.001548628522361115	雙
91	7	0.0010993173266683998	誦
35	7	0.00027390708558768016	秦
92	7	0.00027390708558768016	隆
93	7	0.00027390708558768016	充
96	7	0.00027390708558768016	艱
102	7	0.00027390708558768016	晏
103	7	0.00027390708558768016	确
110	7	0.00027390708558768016	強
120	7	0.00027390708558768016	㢕
277	7	0.00017430450901034195	弼
81	7	0.0	廧
224	7	0.0	𩔜
75	7	0.0	恭
291	8	0.007506714188045393	子
265	8	0.005315457503343952	紀
294	8	0.004629029746431795	止
402	8	0.0043560837383374035	山
399	8	0.0038346991982275225	市
404	8	0.0035151409317085627	足
296	8	0.003350796680355955	里
295	8	0.0013866892050156093	寶
268	8	0.0013421447193796329	祉
292	8	0.0010499771614194406	已
401	8	0.0005592269664081804	首
398	8	0.00031955826651896023	巟
400	8	0.00031955826651896023	圮
403	8	0.00031955826651896023	渥
311	9	0.005512380097452064	欣
195	9	0.004734640956704831	分
310	9	0.003355361798449082	隣
314	9	0.0031156930985598618	憐
315	9	0.0031156930985598618	遺
32	9	0.0008901980281599605	間
308	9	0.0004793373997784403	均
309	9	0.0004793373997784403	銀
312	9	0.0004793373997784403	蕩
313	9	0.0004793373997784403	貧
316	9	0.0004793373997784403	勤
198	9	0.0001667260520968488	昏
141	10	0.003462771851242244	載
138	10	0.003334521041936976	授
153	10	0.0027915731839372035	壽
144	10	0.002095864361964933	意
137	10	0.001011898885418567	孝
125	10	0.000972568637231618	備
146	10	0.000972568637231618	用
303	10	0.0008521553773838939	程
136	10	0.0003334521041936976	卦
139	10	0.0003334521041936976	吐
142	10	0.0003334521041936976	讖
143	10	0.0003334521041936976	奧
147	10	0.0003334521041936976	廟
148	10	0.0003334521041936976	賈
149	10	0.0003334521041936976	注
150	10	0.0003334521041936976	澍
151	10	0.0003334521041936976	慶
152	10	0.0003334521041936976	報
154	10	0.0003334521041936976	代
155	10	0.0003334521041936976	燿
121	11	0.009831542748835473	同
94	11	0.0053046672242147395	中
122	11	0.0022551683380052337	易
117	11	0.0012782330660758407	情
109	11	0.000673239637976453	荒
412	11	0.00010364051887101414	庸
5	12	0.006677522738039052	流
14	12	0.0038346991982275225	修
6	12	0.0021352302353766887	期
3	12	0.001946400350615485	游
10	12	0.0011869307042132807	有
11	12	0.0011184539328163608	離
7	12	0.0009586747995568806	滋
59	13	0.00785904766138681	長
220	13	0.002737086021923268	芳
287	13	0.0019173495991137617	揚
408	13	0.001663363028841549	剛
58	13	0.0007210545500940641	顯
55	13	0.0006391165330379205	聖
410	13	0.0005688839469897973	京
211	13	0.0005112932264303364	蒼
56	13	0.00021303884434597348	房
190	13	0.0	實
276	13	0.0	闕
289	13	0.0	㐬
233	14	0.0032083649958503605	仁
317	14	0.0028485379184036265	大
358	14	0.0009586747995568806	勛
426	14	0.0007669398396455046	逝
328	15	0.002723853795566376	虎
69	15	0.002254746046379394	舉
330	15	0.0007746867067126308	咎
77	15	0.00020182627359092224	蹤
283	16	0.0017735832320897032	世
284	16	0.0009130236186256006	滅
278	16	0.0006391165330379205	栗
281	16	0.0003486090180206839	遂
285	16	0.0003486090180206839	哉
280	16	0.00029497686140211713	位
318	16	0.0002703665709678629	裔
321	16	0.00020182627359092224	愛
164	16	0.0001667260520968488	沛
187	17	0.0019173495991137613	悲
71	17	0.0017537110665001875	微
51	18	0.001438012199335321	治
49	18	0.0013847524882488276	熹
269	19	0.0011930175283374517	星
272	19	0.0007669398396455046	西
271	19	0.00042607768869194697	營
123	20	0.0016693115160538064	歸
135	20	0.00042607768869194697	哀
219	21	0.0007190060996676605	場
225	21	0.0006458067923123321	王
216	21	0.0	亢
46	22	0.00031955826651896023	休
52	22	0.00031955826651896023	隅
352	23	0.000142025896230649	域
356	23	0.000142025896230649	盛
2	24	0.0	疾
4	25	0.0	丘
8	26	0.0	施
12	27	0.0	覆
13	28	0.0	洽
16	29	0.0	延
18	30	0.0	弟
19	31	0.0	日
20	32	0.0	禮
21	33	0.0	慎
24	34	0.0	宣
27	35	0.0	川
28	36	0.0	原
29	37	0.0	驚
34	38	0.0	是
45	39	0.0	搖
47	40	0.0	疇
48	41	0.0	條
53	42	0.0	祺
61	43	0.0	一
62	44	0.0	屏
63	45	0.0	苓
64	46	0.0	軨
65	47	0.0	妙
66	48	0.0	籍
67	49	0.0	回
68	50	0.0	近
249	50	0.0	呈
83	51	0.0	肱
126	52	0.0	薌
127	53	0.0	巷
128	54	0.0	命
129	55	0.0	紼
130	56	0.0	㓝
162	57	0.0	特
167	58	0.0	毓
169	59	0.0	勒
170	60	0.0	軄
173	61	0.0	融
177	62	0.0	矩
185	63	0.0	斯
282	63	0.0	季
409	63	0.0	讓
191	64	0.0	喪
208	65	0.0	敶
222	66	0.0	業
226	67	0.0	𣧑
243	68	0.0	臺
244	69	0.0	畿
245	70	0.0	饑
247	71	0.0	刊
250	72	0.0	鎮
252	73	0.0	藩
258	74	0.0	瑩
259	75	0.0	臻
260	76	0.0	千
261	77	0.0	應
262	78	0.0	談
264	79	0.0	崇
266	80	0.0	恃
267	81	0.0	理
0	82	0.0	結
270	83	0.0	顔
274	84	0.0	甘
275	85	0.0	篇
279	86	0.0	立
286	87	0.0	松
288	88	0.0	鳴
290	89	0.0	軌
293	90	0.0	𠛱
297	91	0.0	動
298	92	0.0	㱙
299	93	0.0	稙
300	94	0.0	胄
301	95	0.0	秀
385	95	0.0	朋
319	96	0.0	制
320	97	0.0	外
322	98	0.0	祭
323	99	0.0	賴
324	100	0.0	𢅷
325	101	0.0	嵗
333	102	0.0	䡈
334	103	0.0	㜰
335	104	0.0	綽
336	105	0.0	逴
337	106	0.0	虐
338	107	0.0	邈
339	108	0.0	榷
340	109	0.0	樂
341	110	0.0	旳
344	111	0.0	炯
345	112	0.0	爭
346	113	0.0	珍
348	114	0.0	冊
350	115	0.0	穀
1	116	0.0	溢
355	117	0.0	亨
357	118	0.0	馨
359	119	0.0	泯
360	120	0.0	運
361	121	0.0	聞
383	122	0.0	蒸
386	123	0.0	興
387	124	0.0	今
389	125	0.0	禹
390	126	0.0	丑
391	127	0.0	吝
392	128	0.0	壯
394	129	0.0	襟
395	130	0.0	量
396	131	0.0	粮
406	132	0.0	霆
413	133	0.0	侶
415	134	0.0	汝
416	135	0.0	覩
417	136	0.0	府
418	137	0.0	卜
419	138	0.0	浦
421	139	0.0	古
423	140	0.0	楨
424	141	0.0	𥚝
427	142	0.0	往
428	143	0.0	州
429	144	0.0	殊
430	145	0.0	組
431	146	0.0	舒
432	147	0.0	徂
433	148	0.0	辜
434	149	0.0	模
435	150	0.0	迴
436	151	0.0	毗
437	152	0.0	慕
439	153	0.0	周
440	154	0.0	翺
441	155	0.0	潔
442	156	0.0	赫
443	157	0.0	席
444	158	0.0	忽
445	159	0.0	誰
