# A network in Pajek format
*Vertices in 445
1 "結" 0
2 "溢" 0
3 "疾" 0
4 "游" 0
5 "丘" 0
6 "流" 0
7 "期" 6
8 "滋" 0
9 "施" 0
10 "菑" 0
11 "有" 0
12 "離" 0
13 "覆" 0
14 "洽" 0
15 "飭" 0
16 "昆" 4
17 "延" 0
18 "人" 15
19 "弟" 0
20 "日" 0
21 "禮" 0
22 "慎" 0
23 "純" 3
24 "雲" 0
25 "宣" 0
26 "恩" 2
27 "賢" 0
28 "川" 1
29 "原" 1
30 "驚" 0
31 "玄" 0
32 "文" 3
33 "間" 0
34 "民" 12
35 "正" 0
36 "秦" 1
37 "神" 11
38 "庭" 17
39 "生" 0
40 "清" 25
41 "盈" 9
42 "坤" 0
43 "君" 7
44 "孫" 3
45 "優" 2
46 "搖" 0
47 "休" 0
48 "疇" 0
49 "條" 0
50 "熹" 0
51 "朝" 0
52 "治" 0
53 "隅" 0
54 "祺" 0
55 "保" 0
56 "聖" 0
57 "房" 0
58 "榮" 8
59 "顯" 0
60 "長" 8
61 "成" 30
62 "土" 15
63 "屏" 1
64 "苓" 1
65 "軨" 0
66 "妙" 0
67 "籍" 0
68 "回" 0
69 "近" 0
70 "舉" 5
71 "嘉" 0
72 "微" 4
73 "萬" 0
74 "寧" 30
75 "右" 0
76 "恭" 8
77 "鍾" 8
78 "蹤" 8
79 "從" 8
80 "光" 47
81 "廧" 4
82 "通" 17
83 "肱" 0
84 "蒙" 12
85 "功" 24
86 "凶" 10
87 "宮" 0
88 "傷" 8
89 "愴" 4
90 "忘" 9
91 "誦" 15
92 "隆" 2
93 "充" 2
94 "中" 2
95 "󸌇" 0
96 "難" 3
97 "艱" 0
98 "年" 4
99 "門" 2
100 "殘" 3
101 "復" 0
102 "顛" 3
103 "淵" 3
104 "晏" 1
105 "确" 0
106 "寒" 3
107 "前" 3
108 "󱾎" 0
109 "患" 1
110 "安" 3
111 "荒" 8
112 "強" 8
113 "霜" 8
114 "方" 32
115 "常" 10
116 "綱" 8
117 "章" 43
118 "明" 9
119 "情" 0
120 "縱" 8
121 "皇" 18
122 "㢕" 5
123 "同" 10
124 "易" 1
125 "歸" 0
126 "麗" 1
127 "備" 4
128 "薌" 0
129 "巷" 0
130 "命" 0
131 "紼" 0
132 "㓝" 5
133 "貞" 13
134 "靈" 25
135 "廎" 11
136 "道" 2
137 "哀" 0
138 "卦" 0
139 "孝" 1
140 "授" 1
141 "教" 1
142 "吐" 2
143 "語" 14
144 "載" 4
145 "讖" 0
146 "奧" 1
147 "意" 4
148 "思" 4
149 "用" 0
150 "廟" 1
151 "賈" 2
152 "注" 1
153 "澍" 1
154 "慶" 0
155 "報" 1
156 "壽" 3
157 "代" 4
158 "燿" 1
159 "德" 9
160 "力" 11
161 "則" 6
162 "式" 3
163 "勖" 0
164 "服" 3
165 "特" 4
166 "得" 4
167 "沛" 3
168 "直" 4
169 "告" 0
170 "毓" 1
171 "極" 11
172 "勒" 4
173 "軄" 1
174 "億" 1
175 "行" 5
176 "融" 0
177 "導" 2
178 "造" 2
179 "武" 5
180 "取" 0
181 "矩" 1
182 "忒" 2
183 "側" 5
184 "福" 2
185 "殖" 5
186 "息" 8
187 "食" 5
188 "簿" 2
189 "斯" 0
190 "何" 0
191 "悲" 2
192 "夜" 0
193 "心" 0
194 "實" 0
195 "喪" 3
196 "陳" 1
197 "先" 0
198 "竟" 0
199 "分" 2
200 "存" 0
201 "塵" 3
202 "昏" 2
203 "驎" 1
204 "泉" 0
205 "龍" 3
206 "雙" 2
207 "疆" 23
208 "彰" 5
209 "是" 0
210 "康" 19
211 "觥" 3
212 "聽" 4
213 "敶" 0
214 "名" 5
215 "聲" 14
216 "蒼" 22
217 "陽" 25
218 "桑" 15
219 "梁" 18
220 "昌" 16
221 "亢" 15
222 "堂" 15
223 "望" 15
224 "場" 17
225 "芳" 22
226 "祥" 15
227 "業" 0
228 "國" 3
229 "𩔜" 2
230 "王" 2
231 "𣧑" 2
232 "醇" 3
233 "墳" 2
234 "繽" 6
235 "臣" 8
236 "戔" 0
237 "震" 7
238 "仁" 9
239 "親" 11
240 "樞" 1
241 "偶" 3
242 "邦" 1
243 "頌" 6
244 "革" 0
245 "冥" 5
246 "平" 20
247 "臧" 7
248 "臺" 0
249 "畿" 2
250 "饑" 2
251 "征" 15
252 "刊" 0
253 "經" 4
254 "呈" 4
255 "鎮" 3
256 "身" 4
257 "藩" 0
258 "香" 6
259 "昂" 6
260 "相" 8
261 "彊" 6
262 "傳" 0
263 "瑩" 0
264 "臻" 0
265 "千" 0
266 "應" 0
267 "談" 0
268 "然" 0
269 "崇" 0
270 "紀" 10
271 "恃" 3
272 "理" 3
273 "祉" 9
274 "星" 2
275 "顔" 2
276 "營" 2
277 "西" 0
278 "遷" 2
279 "甘" 0
280 "篇" 2
281 "闕" 0
282 "弼" 0
283 "栗" 0
284 "立" 0
285 "位" 0
286 "遂" 1
287 "季" 1
288 "世" 5
289 "滅" 0
290 "松" 0
291 "揚" 8
292 "鳴" 1
293 "㐬" 0
294 "軌" 0
295 "子" 6
296 "已" 6
297 "𠛱" 0
298 "止" 6
299 "寶" 0
300 "里" 6
301 "動" 0
302 "㱙" 0
303 "稙" 1
304 "胄" 3
305 "秀" 1
306 "良" 0
307 "程" 8
308 "惻" 3
309 "天" 1
310 "青" 8
311 "竝" 8
312 "均" 6
313 "銀" 6
314 "隣" 6
315 "欣" 6
316 "蕩" 0
317 "貧" 6
318 "憐" 0
319 "遺" 0
320 "勤" 7
321 "大" 4
322 "裔" 5
323 "制" 5
324 "外" 3
325 "愛" 0
326 "祭" 5
327 "賴" 3
328 "𢅷" 5
329 "嵗" 5
330 "茂" 2
331 "旅" 4
332 "虎" 4
333 "輔" 7
334 "咎" 2
335 "刑" 3
336 "勳" 1
337 "䡈" 3
338 "㜰" 2
339 "綽" 2
340 "逴" 3
341 "虐" 2
342 "邈" 3
343 "榷" 0
344 "󱓕" 0
345 "樂" 3
346 "旳" 0
347 "精" 8
348 "匡" 1
349 "炯" 2
350 "爭" 0
351 "珍" 1
352 "傾" 6
353 "穀" 0
354 "處" 14
355 "域" 0
356 "緒" 3
357 "熟" 0
358 "亨" 0
359 "盛" 4
360 "馨" 4
361 "言" 0
362 "勛" 1
363 "泯" 0
364 "運" 0
365 "聞" 0
366 "主" 1
367 "雨" 13
368 "柱" 0
369 "序" 1
370 "阻" 13
371 "兆" 0
372 "脯" 2
373 "后" 1
374 "暑" 0
375 "黍" 2
376 "女" 14
377 "俎" 2
378 "所" 0
379 "耦" 1
380 "數" 2
381 "者" 0
382 "瞻" 1
383 "巖" 1
384 "殷" 0
385 "檀" 0
386 "耘" 0
387 "蒸" 0
388 "忠" 0
389 "朋" 0
390 "興" 0
391 "今" 0
392 "宇" 1
393 "禹" 0
394 "丑" 0
395 "吝" 1
396 "壯" 0
397 "永" 1
398 "襟" 0
399 "量" 2
400 "粮" 1
401 "畺" 1
402 "巟" 0
403 "市" 1
404 "圮" 0
405 "首" 0
406 "山" 0
407 "渥" 0
408 "足" 0
409 "城" 5
410 "霆" 5
411 "剛" 7
412 "讓" 7
413 "京" 1
414 "亡" 7
415 "庸" 3
416 "侶" 12
417 "許" 12
418 "汝" 12
419 "覩" 12
420 "府" 1
421 "卜" 0
422 "浦" 12
423 "魯" 12
424 "古" 12
425 "形" 6
426 "楨" 6
427 "𥚝" 0
428 "會" 1
429 "逝" 0
430 "往" 0
431 "州" 2
432 "殊" 2
433 "組" 2
434 "舒" 2
435 "徂" 2
436 "辜" 2
437 "模" 0
438 "迴" 0
439 "毗" 0
440 "卿" 0
441 "周" 0
442 "潔" 0
443 "赫" 1
444 "席" 1
445 "忽" 0
*Edges 872.0
7 295 0.16666666666666666
7 273 0.16666666666666666
7 296 0.16666666666666666
7 298 0.16666666666666666
7 270 0.16666666666666666
7 300 0.16666666666666666
16 44 1.0
16 44 1.0
16 23 1.0
16 23 1.0
18 196 1.0
18 234 0.16666666666666666
18 34 0.16666666666666666
18 34 0.3333333333333333
18 34 0.3333333333333333
18 235 0.16666666666666666
18 237 0.16666666666666666
18 238 0.16666666666666666
18 238 0.3333333333333333
18 239 0.16666666666666666
18 239 0.5
18 239 0.3333333333333333
18 255 0.3333333333333333
18 256 0.3333333333333333
18 201 0.5
23 16 1.0
23 16 1.0
23 44 1.0
26 99 0.5
26 202 0.5
28 29 1.0
29 28 1.0
32 43 1.0
32 43 0.5
32 199 0.5
34 234 0.16666666666666666
34 235 0.16666666666666666
34 237 0.16666666666666666
34 238 0.16666666666666666
34 238 0.3333333333333333
34 239 0.16666666666666666
34 239 0.3333333333333333
34 18 0.16666666666666666
34 18 0.3333333333333333
34 18 0.3333333333333333
34 255 0.3333333333333333
34 256 0.3333333333333333
36 37 1.0
37 36 1.0
37 85 0.2
37 82 0.2
37 84 0.2
37 243 0.2
37 312 0.125
37 313 0.125
37 314 0.125
37 315 0.125
37 317 0.125
37 320 0.125
38 74 0.3333333333333333
38 245 0.3333333333333333
38 246 0.3333333333333333
38 40 0.125
38 40 0.16666666666666666
38 61 0.125
38 251 0.125
38 307 0.125
38 133 0.125
38 310 0.125
38 311 0.125
38 134 0.125
38 134 0.16666666666666666
38 135 0.16666666666666666
38 41 0.16666666666666666
38 425 0.16666666666666666
38 426 0.16666666666666666
40 41 1.0
40 41 0.16666666666666666
40 292 1.0
40 61 0.125
40 61 0.16666666666666666
40 38 0.125
40 38 0.16666666666666666
40 251 0.125
40 251 0.16666666666666666
40 307 0.125
40 133 0.125
40 310 0.125
40 311 0.125
40 134 0.125
40 134 0.16666666666666666
40 347 0.5
40 347 0.16666666666666666
40 349 0.5
40 352 0.16666666666666666
40 246 0.16666666666666666
40 74 0.16666666666666666
40 214 1.0
40 135 0.16666666666666666
40 425 0.16666666666666666
40 426 0.16666666666666666
41 40 1.0
41 40 0.16666666666666666
41 61 0.5
41 212 0.5
41 135 0.16666666666666666
41 425 0.16666666666666666
41 426 0.16666666666666666
41 134 0.16666666666666666
41 38 0.16666666666666666
43 232 0.5
43 233 0.5
43 32 1.0
43 32 0.5
43 199 0.5
43 336 1.0
43 362 1.0
44 16 1.0
44 16 1.0
44 23 1.0
45 304 0.5
45 431 0.5
58 118 1.0
58 118 0.3333333333333333
58 118 1.0
58 118 1.0
58 118 1.0
58 175 0.3333333333333333
58 175 1.0
58 211 0.3333333333333333
60 195 1.0
60 117 0.14285714285714285
60 411 0.14285714285714285
60 291 0.14285714285714285
60 412 0.14285714285714285
60 414 0.14285714285714285
60 216 0.14285714285714285
60 225 0.14285714285714285
61 132 0.2
61 74 0.2
61 74 0.16666666666666666
61 74 0.25
61 74 0.2
61 133 0.2
61 133 0.125
61 134 0.2
61 134 0.125
61 134 0.2
61 135 0.2
61 40 0.125
61 40 0.16666666666666666
61 38 0.125
61 251 0.125
61 251 0.16666666666666666
61 307 0.125
61 310 0.125
61 311 0.125
61 347 0.16666666666666666
61 352 0.16666666666666666
61 246 0.16666666666666666
61 246 0.25
61 359 0.25
61 360 0.25
61 41 0.5
61 212 0.5
61 215 0.2
61 409 0.2
61 410 0.2
62 354 1.0
62 354 0.08333333333333333
62 370 1.0
62 370 0.08333333333333333
62 392 1.0
62 376 0.08333333333333333
62 416 0.08333333333333333
62 417 0.08333333333333333
62 418 0.08333333333333333
62 419 0.08333333333333333
62 422 0.08333333333333333
62 143 0.08333333333333333
62 367 0.08333333333333333
62 423 0.08333333333333333
62 424 0.08333333333333333
63 64 1.0
64 63 1.0
70 179 0.2
70 331 0.2
70 332 0.2
70 333 0.2
70 356 1.0
72 188 0.5
72 191 0.5
72 249 0.5
72 250 0.5
74 132 0.2
74 133 0.2
74 134 0.2
74 134 0.2
74 61 0.2
74 61 0.16666666666666666
74 61 0.25
74 61 0.2
74 135 0.2
74 245 0.3333333333333333
74 38 0.3333333333333333
74 246 0.3333333333333333
74 246 0.25
74 246 0.3333333333333333
74 246 0.16666666666666666
74 246 0.25
74 253 0.25
74 254 0.25
74 215 0.25
74 215 0.3333333333333333
74 215 0.2
74 335 0.3333333333333333
74 347 0.16666666666666666
74 40 0.16666666666666666
74 352 0.16666666666666666
74 251 0.16666666666666666
74 359 0.25
74 360 0.25
74 409 0.2
74 410 0.2
76 77 0.125
76 78 0.125
76 79 0.125
76 82 0.125
76 84 0.125
76 85 0.125
76 86 0.125
76 91 0.125
77 76 0.125
77 78 0.125
77 79 0.125
77 82 0.125
77 84 0.125
77 85 0.125
77 86 0.125
77 91 0.125
78 76 0.125
78 77 0.125
78 79 0.125
78 82 0.125
78 84 0.125
78 85 0.125
78 86 0.125
78 91 0.125
79 76 0.125
79 77 0.125
79 78 0.125
79 82 0.125
79 84 0.125
79 85 0.125
79 86 0.125
79 91 0.125
80 81 0.25
80 88 0.25
80 88 0.25
80 89 0.25
80 90 0.25
80 90 0.25
80 111 0.125
80 112 0.125
80 113 0.125
80 114 0.125
80 114 0.25
80 114 0.25
80 114 0.06666666666666667
80 115 0.125
80 116 0.125
80 117 0.125
80 117 0.25
80 117 0.06666666666666667
80 117 0.16666666666666666
80 121 0.125
80 121 0.25
80 121 0.25
80 175 1.0
80 207 0.25
80 207 0.06666666666666667
80 207 0.25
80 208 0.25
80 210 0.25
80 210 0.06666666666666667
80 216 0.06666666666666667
80 217 0.06666666666666667
80 217 0.16666666666666666
80 218 0.06666666666666667
80 219 0.06666666666666667
80 220 0.06666666666666667
80 221 0.06666666666666667
80 222 0.06666666666666667
80 223 0.06666666666666667
80 224 0.06666666666666667
80 225 0.06666666666666667
80 226 0.06666666666666667
80 247 0.25
80 258 0.16666666666666666
80 259 0.16666666666666666
80 260 0.16666666666666666
80 261 0.16666666666666666
80 348 1.0
81 80 0.25
81 88 0.25
81 89 0.25
81 90 0.25
82 76 0.125
82 77 0.125
82 78 0.125
82 79 0.125
82 84 0.125
82 84 0.2
82 85 0.125
82 85 0.16666666666666666
82 85 0.2
82 86 0.125
82 91 0.125
82 91 0.16666666666666666
82 120 0.16666666666666666
82 122 0.16666666666666666
82 123 0.16666666666666666
82 37 0.2
82 243 0.2
84 76 0.125
84 77 0.125
84 78 0.125
84 79 0.125
84 82 0.125
84 82 0.2
84 85 0.125
84 85 0.2
84 86 0.125
84 91 0.125
84 37 0.2
84 243 0.2
85 76 0.125
85 77 0.125
85 78 0.125
85 79 0.125
85 82 0.125
85 82 0.16666666666666666
85 82 0.2
85 84 0.125
85 84 0.2
85 86 0.125
85 91 0.125
85 91 0.16666666666666666
85 91 0.5
85 120 0.16666666666666666
85 120 0.3333333333333333
85 122 0.16666666666666666
85 123 0.16666666666666666
85 123 0.5
85 123 0.3333333333333333
85 229 0.5
85 231 0.5
85 37 0.2
85 243 0.2
85 415 0.3333333333333333
86 76 0.125
86 77 0.125
86 78 0.125
86 79 0.125
86 82 0.125
86 84 0.125
86 85 0.125
86 91 0.125
86 205 0.5
86 243 0.5
88 80 0.25
88 80 0.25
88 81 0.25
88 89 0.25
88 90 0.25
88 121 0.25
88 247 0.25
88 207 0.25
89 80 0.25
89 81 0.25
89 88 0.25
89 90 0.25
90 80 0.25
90 80 0.25
90 81 0.25
90 88 0.25
90 89 0.25
90 207 0.25
90 114 0.25
90 117 0.25
90 400 1.0
91 76 0.125
91 77 0.125
91 78 0.125
91 79 0.125
91 82 0.125
91 82 0.16666666666666666
91 84 0.125
91 85 0.125
91 85 0.16666666666666666
91 85 0.5
91 86 0.125
91 120 0.16666666666666666
91 122 0.16666666666666666
91 123 0.16666666666666666
91 123 0.5
92 93 0.5
92 94 0.5
93 92 0.5
93 94 0.5
94 92 0.5
94 93 0.5
96 100 0.25
96 106 0.25
96 110 0.25
98 102 0.3333333333333333
98 103 0.3333333333333333
98 107 0.3333333333333333
98 214 1.0
99 202 0.5
99 26 0.5
100 96 0.25
100 106 0.25
100 110 0.25
102 98 0.3333333333333333
102 103 0.3333333333333333
102 107 0.3333333333333333
103 98 0.3333333333333333
103 102 0.3333333333333333
103 107 0.3333333333333333
104 109 1.0
106 96 0.25
106 100 0.25
106 110 0.25
107 98 0.3333333333333333
107 102 0.3333333333333333
107 103 0.3333333333333333
109 104 1.0
110 96 0.25
110 100 0.25
110 106 0.25
111 80 0.125
111 112 0.125
111 113 0.125
111 114 0.125
111 115 0.125
111 116 0.125
111 117 0.125
111 121 0.125
112 80 0.125
112 111 0.125
112 113 0.125
112 114 0.125
112 115 0.125
112 116 0.125
112 117 0.125
112 121 0.125
113 80 0.125
113 111 0.125
113 112 0.125
113 114 0.125
113 115 0.125
113 116 0.125
113 117 0.125
113 121 0.125
114 80 0.125
114 80 0.25
114 80 0.25
114 80 0.06666666666666667
114 111 0.125
114 112 0.125
114 113 0.125
114 115 0.125
114 116 0.125
114 117 0.125
114 117 0.25
114 117 0.06666666666666667
114 117 1.0
114 121 0.125
114 121 0.25
114 207 0.25
114 207 0.06666666666666667
114 90 0.25
114 208 0.25
114 210 0.25
114 210 0.06666666666666667
114 216 0.06666666666666667
114 217 0.06666666666666667
114 218 0.06666666666666667
114 219 0.06666666666666667
114 220 0.06666666666666667
114 221 0.06666666666666667
114 222 0.06666666666666667
114 223 0.06666666666666667
114 224 0.06666666666666667
114 225 0.06666666666666667
114 226 0.06666666666666667
115 80 0.125
115 111 0.125
115 112 0.125
115 113 0.125
115 114 0.125
115 116 0.125
115 117 0.125
115 121 0.125
115 219 0.5
115 217 0.5
116 80 0.125
116 111 0.125
116 112 0.125
116 113 0.125
116 114 0.125
116 115 0.125
116 117 0.125
116 121 0.125
117 80 0.125
117 80 0.25
117 80 0.06666666666666667
117 80 0.16666666666666666
117 111 0.125
117 112 0.125
117 113 0.125
117 114 0.125
117 114 0.25
117 114 0.06666666666666667
117 114 1.0
117 115 0.125
117 116 0.125
117 121 0.125
117 121 0.5
117 207 0.25
117 207 0.06666666666666667
117 90 0.25
117 216 0.06666666666666667
117 216 0.14285714285714285
117 217 0.06666666666666667
117 217 0.16666666666666666
117 218 0.06666666666666667
117 219 0.06666666666666667
117 220 0.06666666666666667
117 221 0.06666666666666667
117 210 0.06666666666666667
117 222 0.06666666666666667
117 223 0.06666666666666667
117 224 0.06666666666666667
117 225 0.06666666666666667
117 225 0.14285714285714285
117 226 0.06666666666666667
117 258 0.16666666666666666
117 259 0.16666666666666666
117 260 0.16666666666666666
117 260 0.5
117 261 0.16666666666666666
117 411 0.14285714285714285
117 291 0.14285714285714285
117 412 0.14285714285714285
117 60 0.14285714285714285
117 414 0.14285714285714285
118 58 1.0
118 58 0.3333333333333333
118 58 1.0
118 58 1.0
118 58 1.0
118 175 0.3333333333333333
118 211 0.3333333333333333
118 397 1.0
118 413 1.0
120 82 0.16666666666666666
120 122 0.16666666666666666
120 123 0.16666666666666666
120 123 0.3333333333333333
120 85 0.16666666666666666
120 85 0.3333333333333333
120 91 0.16666666666666666
120 415 0.3333333333333333
121 80 0.125
121 80 0.25
121 80 0.25
121 111 0.125
121 112 0.125
121 113 0.125
121 114 0.125
121 114 0.25
121 115 0.125
121 116 0.125
121 117 0.125
121 117 0.5
121 208 0.25
121 210 0.25
121 88 0.25
121 247 0.25
121 207 0.25
121 260 0.5
122 82 0.16666666666666666
122 120 0.16666666666666666
122 123 0.16666666666666666
122 85 0.16666666666666666
122 91 0.16666666666666666
123 82 0.16666666666666666
123 120 0.16666666666666666
123 120 0.3333333333333333
123 122 0.16666666666666666
123 85 0.16666666666666666
123 85 0.5
123 85 0.3333333333333333
123 91 0.16666666666666666
123 91 0.5
123 415 0.3333333333333333
124 126 1.0
126 124 1.0
127 144 0.16666666666666666
127 147 0.16666666666666666
127 148 0.16666666666666666
127 157 0.16666666666666666
132 74 0.2
132 133 0.2
132 134 0.2
132 61 0.2
132 135 0.2
133 132 0.2
133 74 0.2
133 134 0.2
133 134 0.125
133 61 0.2
133 61 0.125
133 135 0.2
133 40 0.125
133 38 0.125
133 251 0.125
133 307 0.125
133 310 0.125
133 311 0.125
134 132 0.2
134 74 0.2
134 74 0.2
134 133 0.2
134 133 0.125
134 61 0.2
134 61 0.125
134 61 0.2
134 135 0.2
134 135 0.16666666666666666
134 251 1.0
134 251 0.125
134 40 0.125
134 40 0.16666666666666666
134 38 0.125
134 38 0.16666666666666666
134 307 0.125
134 310 0.125
134 311 0.125
134 215 0.2
134 409 0.2
134 410 0.2
134 41 0.16666666666666666
134 425 0.16666666666666666
134 426 0.16666666666666666
135 132 0.2
135 74 0.2
135 133 0.2
135 134 0.2
135 134 0.16666666666666666
135 61 0.2
135 40 0.16666666666666666
135 41 0.16666666666666666
135 425 0.16666666666666666
135 426 0.16666666666666666
135 38 0.16666666666666666
136 177 0.5
136 178 0.5
139 141 1.0
140 156 0.5
141 139 1.0
142 143 0.5
142 151 0.5
143 142 0.5
143 151 0.5
143 376 0.08333333333333333
143 370 0.08333333333333333
143 416 0.08333333333333333
143 417 0.08333333333333333
143 418 0.08333333333333333
143 419 0.08333333333333333
143 422 0.08333333333333333
143 354 0.08333333333333333
143 367 0.08333333333333333
143 62 0.08333333333333333
143 423 0.08333333333333333
143 424 0.08333333333333333
144 127 0.16666666666666666
144 147 0.16666666666666666
144 148 0.16666666666666666
144 157 0.16666666666666666
146 155 1.0
147 144 0.16666666666666666
147 127 0.16666666666666666
147 148 0.16666666666666666
147 157 0.16666666666666666
148 144 0.16666666666666666
148 127 0.16666666666666666
148 147 0.16666666666666666
148 157 0.16666666666666666
150 158 1.0
151 142 0.5
151 143 0.5
152 153 1.0
153 152 1.0
155 146 1.0
156 140 0.5
156 330 0.5
156 334 0.5
157 144 0.16666666666666666
157 127 0.16666666666666666
157 147 0.16666666666666666
157 148 0.16666666666666666
158 150 1.0
159 161 0.25
159 161 0.5
159 165 0.25
159 166 0.25
159 172 0.25
159 182 0.5
159 228 1.0
159 228 1.0
159 228 1.0
160 162 0.3333333333333333
160 168 0.3333333333333333
160 171 0.3333333333333333
160 171 0.2
160 171 0.3333333333333333
160 183 0.2
160 185 0.2
160 186 0.2
160 186 0.3333333333333333
160 187 0.2
160 308 0.3333333333333333
161 159 0.25
161 159 0.5
161 165 0.25
161 166 0.25
161 172 0.25
161 182 0.5
162 160 0.3333333333333333
162 168 0.3333333333333333
162 171 0.3333333333333333
164 170 1.0
164 184 1.0
164 184 1.0
165 159 0.25
165 161 0.25
165 166 0.25
165 172 0.25
166 159 0.25
166 161 0.25
166 165 0.25
166 172 0.25
167 321 0.3333333333333333
167 324 0.3333333333333333
167 327 0.3333333333333333
168 160 0.3333333333333333
168 162 0.3333333333333333
168 171 0.3333333333333333
168 303 1.0
170 164 1.0
171 160 0.3333333333333333
171 160 0.2
171 160 0.3333333333333333
171 162 0.3333333333333333
171 168 0.3333333333333333
171 183 0.2
171 185 0.2
171 186 0.2
171 186 0.3333333333333333
171 187 0.2
171 308 0.3333333333333333
172 159 0.25
172 161 0.25
172 165 0.25
172 166 0.25
173 174 1.0
174 173 1.0
175 80 1.0
175 118 0.3333333333333333
175 211 0.3333333333333333
175 58 0.3333333333333333
175 58 1.0
177 178 0.5
177 136 0.5
178 177 0.5
178 136 0.5
179 181 1.0
179 331 0.2
179 70 0.2
179 332 0.2
179 333 0.2
181 179 1.0
182 161 0.5
182 159 0.5
183 160 0.2
183 185 0.2
183 186 0.2
183 187 0.2
183 171 0.2
184 164 1.0
184 164 1.0
185 160 0.2
185 183 0.2
185 186 0.2
185 187 0.2
185 171 0.2
186 160 0.2
186 160 0.3333333333333333
186 183 0.2
186 185 0.2
186 187 0.2
186 171 0.2
186 171 0.3333333333333333
186 308 0.3333333333333333
187 160 0.2
187 183 0.2
187 185 0.2
187 186 0.2
187 171 0.2
188 72 0.5
188 191 0.5
191 188 0.5
191 72 0.5
195 60 1.0
195 230 0.5
195 224 0.5
196 18 1.0
199 43 0.5
199 32 0.5
201 203 1.0
201 239 0.5
201 18 0.5
202 99 0.5
202 26 0.5
203 201 1.0
205 206 1.0
205 86 0.5
205 243 0.5
206 205 1.0
206 242 1.0
207 80 0.25
207 80 0.06666666666666667
207 80 0.25
207 114 0.25
207 114 0.06666666666666667
207 117 0.25
207 117 0.06666666666666667
207 90 0.25
207 216 0.06666666666666667
207 217 0.06666666666666667
207 218 0.06666666666666667
207 219 0.06666666666666667
207 220 0.06666666666666667
207 221 0.06666666666666667
207 210 0.06666666666666667
207 222 0.06666666666666667
207 223 0.06666666666666667
207 224 0.06666666666666667
207 225 0.06666666666666667
207 226 0.06666666666666667
207 121 0.25
207 88 0.25
207 247 0.25
208 80 0.25
208 210 0.25
208 114 0.25
208 121 0.25
208 219 1.0
210 80 0.25
210 80 0.06666666666666667
210 208 0.25
210 114 0.25
210 114 0.06666666666666667
210 121 0.25
210 216 0.06666666666666667
210 217 0.06666666666666667
210 218 0.06666666666666667
210 219 0.06666666666666667
210 220 0.06666666666666667
210 221 0.06666666666666667
210 222 0.06666666666666667
210 223 0.06666666666666667
210 117 0.06666666666666667
210 224 0.06666666666666667
210 225 0.06666666666666667
210 226 0.06666666666666667
210 207 0.06666666666666667
211 118 0.3333333333333333
211 175 0.3333333333333333
211 58 0.3333333333333333
212 214 0.5
212 215 0.5
212 41 0.5
212 61 0.5
214 212 0.5
214 215 0.5
214 309 1.0
214 98 1.0
214 40 1.0
215 212 0.5
215 214 0.5
215 253 0.25
215 254 0.25
215 246 0.25
215 246 0.3333333333333333
215 74 0.25
215 74 0.3333333333333333
215 74 0.2
215 335 0.3333333333333333
215 409 0.2
215 410 0.2
215 61 0.2
215 134 0.2
216 217 0.06666666666666667
216 218 0.06666666666666667
216 80 0.06666666666666667
216 219 0.06666666666666667
216 220 0.06666666666666667
216 114 0.06666666666666667
216 221 0.06666666666666667
216 210 0.06666666666666667
216 222 0.06666666666666667
216 223 0.06666666666666667
216 117 0.06666666666666667
216 117 0.14285714285714285
216 224 0.06666666666666667
216 225 0.06666666666666667
216 225 0.14285714285714285
216 226 0.06666666666666667
216 207 0.06666666666666667
216 411 0.14285714285714285
216 291 0.14285714285714285
216 412 0.14285714285714285
216 60 0.14285714285714285
216 414 0.14285714285714285
217 216 0.06666666666666667
217 218 0.06666666666666667
217 80 0.06666666666666667
217 80 0.16666666666666666
217 219 0.06666666666666667
217 219 0.5
217 220 0.06666666666666667
217 114 0.06666666666666667
217 221 0.06666666666666667
217 210 0.06666666666666667
217 222 0.06666666666666667
217 223 0.06666666666666667
217 117 0.06666666666666667
217 117 0.16666666666666666
217 224 0.06666666666666667
217 225 0.06666666666666667
217 226 0.06666666666666667
217 207 0.06666666666666667
217 258 0.16666666666666666
217 259 0.16666666666666666
217 260 0.16666666666666666
217 261 0.16666666666666666
217 399 0.5
217 247 0.5
217 115 0.5
218 216 0.06666666666666667
218 217 0.06666666666666667
218 80 0.06666666666666667
218 219 0.06666666666666667
218 220 0.06666666666666667
218 114 0.06666666666666667
218 221 0.06666666666666667
218 210 0.06666666666666667
218 222 0.06666666666666667
218 223 0.06666666666666667
218 117 0.06666666666666667
218 224 0.06666666666666667
218 225 0.06666666666666667
218 226 0.06666666666666667
218 207 0.06666666666666667
219 216 0.06666666666666667
219 217 0.06666666666666667
219 217 0.5
219 218 0.06666666666666667
219 80 0.06666666666666667
219 220 0.06666666666666667
219 114 0.06666666666666667
219 221 0.06666666666666667
219 210 0.06666666666666667
219 222 0.06666666666666667
219 223 0.06666666666666667
219 117 0.06666666666666667
219 224 0.06666666666666667
219 225 0.06666666666666667
219 226 0.06666666666666667
219 207 0.06666666666666667
219 208 1.0
219 115 0.5
220 216 0.06666666666666667
220 217 0.06666666666666667
220 218 0.06666666666666667
220 80 0.06666666666666667
220 219 0.06666666666666667
220 114 0.06666666666666667
220 221 0.06666666666666667
220 210 0.06666666666666667
220 222 0.06666666666666667
220 223 0.06666666666666667
220 117 0.06666666666666667
220 224 0.06666666666666667
220 225 0.06666666666666667
220 226 0.06666666666666667
220 207 0.06666666666666667
220 401 1.0
221 216 0.06666666666666667
221 217 0.06666666666666667
221 218 0.06666666666666667
221 80 0.06666666666666667
221 219 0.06666666666666667
221 220 0.06666666666666667
221 114 0.06666666666666667
221 210 0.06666666666666667
221 222 0.06666666666666667
221 223 0.06666666666666667
221 117 0.06666666666666667
221 224 0.06666666666666667
221 225 0.06666666666666667
221 226 0.06666666666666667
221 207 0.06666666666666667
222 216 0.06666666666666667
222 217 0.06666666666666667
222 218 0.06666666666666667
222 80 0.06666666666666667
222 219 0.06666666666666667
222 220 0.06666666666666667
222 114 0.06666666666666667
222 221 0.06666666666666667
222 210 0.06666666666666667
222 223 0.06666666666666667
222 117 0.06666666666666667
222 224 0.06666666666666667
222 225 0.06666666666666667
222 226 0.06666666666666667
222 207 0.06666666666666667
223 216 0.06666666666666667
223 217 0.06666666666666667
223 218 0.06666666666666667
223 80 0.06666666666666667
223 219 0.06666666666666667
223 220 0.06666666666666667
223 114 0.06666666666666667
223 221 0.06666666666666667
223 210 0.06666666666666667
223 222 0.06666666666666667
223 117 0.06666666666666667
223 224 0.06666666666666667
223 225 0.06666666666666667
223 226 0.06666666666666667
223 207 0.06666666666666667
224 216 0.06666666666666667
224 217 0.06666666666666667
224 218 0.06666666666666667
224 80 0.06666666666666667
224 219 0.06666666666666667
224 220 0.06666666666666667
224 114 0.06666666666666667
224 221 0.06666666666666667
224 210 0.06666666666666667
224 222 0.06666666666666667
224 223 0.06666666666666667
224 117 0.06666666666666667
224 225 0.06666666666666667
224 226 0.06666666666666667
224 207 0.06666666666666667
224 230 0.5
224 195 0.5
225 216 0.06666666666666667
225 216 0.14285714285714285
225 217 0.06666666666666667
225 218 0.06666666666666667
225 80 0.06666666666666667
225 219 0.06666666666666667
225 220 0.06666666666666667
225 114 0.06666666666666667
225 221 0.06666666666666667
225 210 0.06666666666666667
225 222 0.06666666666666667
225 223 0.06666666666666667
225 117 0.06666666666666667
225 117 0.14285714285714285
225 224 0.06666666666666667
225 226 0.06666666666666667
225 207 0.06666666666666667
225 411 0.14285714285714285
225 291 0.14285714285714285
225 412 0.14285714285714285
225 60 0.14285714285714285
225 414 0.14285714285714285
226 216 0.06666666666666667
226 217 0.06666666666666667
226 218 0.06666666666666667
226 80 0.06666666666666667
226 219 0.06666666666666667
226 220 0.06666666666666667
226 114 0.06666666666666667
226 221 0.06666666666666667
226 210 0.06666666666666667
226 222 0.06666666666666667
226 223 0.06666666666666667
226 117 0.06666666666666667
226 224 0.06666666666666667
226 225 0.06666666666666667
226 207 0.06666666666666667
228 159 1.0
228 159 1.0
228 159 1.0
229 231 0.5
229 85 0.5
230 195 0.5
230 224 0.5
231 229 0.5
231 85 0.5
232 43 0.5
232 233 0.5
232 351 1.0
233 43 0.5
233 232 0.5
234 34 0.16666666666666666
234 235 0.16666666666666666
234 237 0.16666666666666666
234 238 0.16666666666666666
234 239 0.16666666666666666
234 18 0.16666666666666666
235 234 0.16666666666666666
235 34 0.16666666666666666
235 237 0.16666666666666666
235 237 1.0
235 238 0.16666666666666666
235 239 0.16666666666666666
235 18 0.16666666666666666
235 395 1.0
237 234 0.16666666666666666
237 34 0.16666666666666666
237 235 0.16666666666666666
237 235 1.0
237 238 0.16666666666666666
237 239 0.16666666666666666
237 18 0.16666666666666666
238 234 0.16666666666666666
238 34 0.16666666666666666
238 34 0.3333333333333333
238 235 0.16666666666666666
238 237 0.16666666666666666
238 239 0.16666666666666666
238 239 0.3333333333333333
238 18 0.16666666666666666
238 18 0.3333333333333333
239 234 0.16666666666666666
239 34 0.16666666666666666
239 34 0.3333333333333333
239 235 0.16666666666666666
239 237 0.16666666666666666
239 238 0.16666666666666666
239 238 0.3333333333333333
239 18 0.16666666666666666
239 18 0.5
239 18 0.3333333333333333
239 201 0.5
240 241 1.0
241 240 1.0
241 432 0.5
241 436 0.5
242 206 1.0
243 37 0.2
243 85 0.2
243 82 0.2
243 84 0.2
243 205 0.5
243 86 0.5
245 74 0.3333333333333333
245 38 0.3333333333333333
245 246 0.3333333333333333
245 274 0.5
245 276 0.5
246 74 0.3333333333333333
246 74 0.25
246 74 0.3333333333333333
246 74 0.16666666666666666
246 74 0.25
246 245 0.3333333333333333
246 38 0.3333333333333333
246 253 0.25
246 254 0.25
246 215 0.25
246 215 0.3333333333333333
246 335 0.3333333333333333
246 347 0.16666666666666666
246 61 0.16666666666666666
246 61 0.25
246 40 0.16666666666666666
246 352 0.16666666666666666
246 251 0.16666666666666666
246 359 0.25
246 360 0.25
247 80 0.25
247 121 0.25
247 88 0.25
247 207 0.25
247 291 1.0
247 217 0.5
247 399 0.5
249 72 0.5
249 250 0.5
250 72 0.5
250 249 0.5
251 134 1.0
251 134 0.125
251 40 0.125
251 40 0.16666666666666666
251 61 0.125
251 61 0.16666666666666666
251 38 0.125
251 307 0.125
251 133 0.125
251 310 0.125
251 311 0.125
251 347 0.16666666666666666
251 352 0.16666666666666666
251 246 0.16666666666666666
251 74 0.16666666666666666
253 254 0.25
253 246 0.25
253 215 0.25
253 74 0.25
254 253 0.25
254 246 0.25
254 215 0.25
254 74 0.25
255 18 0.3333333333333333
255 34 0.3333333333333333
255 256 0.3333333333333333
256 18 0.3333333333333333
256 34 0.3333333333333333
256 255 0.3333333333333333
256 320 1.0
258 217 0.16666666666666666
258 80 0.16666666666666666
258 259 0.16666666666666666
258 260 0.16666666666666666
258 117 0.16666666666666666
258 261 0.16666666666666666
259 217 0.16666666666666666
259 258 0.16666666666666666
259 80 0.16666666666666666
259 260 0.16666666666666666
259 117 0.16666666666666666
259 261 0.16666666666666666
260 217 0.16666666666666666
260 258 0.16666666666666666
260 80 0.16666666666666666
260 259 0.16666666666666666
260 117 0.16666666666666666
260 117 0.5
260 261 0.16666666666666666
260 121 0.5
261 217 0.16666666666666666
261 258 0.16666666666666666
261 80 0.16666666666666666
261 259 0.16666666666666666
261 260 0.16666666666666666
261 117 0.16666666666666666
270 271 0.3333333333333333
270 272 0.3333333333333333
270 273 0.3333333333333333
270 273 0.16666666666666666
270 7 0.16666666666666666
270 295 0.16666666666666666
270 296 0.16666666666666666
270 298 0.16666666666666666
270 300 0.16666666666666666
270 403 1.0
271 270 0.3333333333333333
271 272 0.3333333333333333
271 273 0.3333333333333333
272 270 0.3333333333333333
272 271 0.3333333333333333
272 273 0.3333333333333333
273 270 0.3333333333333333
273 270 0.16666666666666666
273 271 0.3333333333333333
273 272 0.3333333333333333
273 7 0.16666666666666666
273 295 0.16666666666666666
273 296 0.16666666666666666
273 298 0.16666666666666666
273 300 0.16666666666666666
274 245 0.5
274 276 0.5
275 278 0.5
275 280 0.5
276 274 0.5
276 245 0.5
278 275 0.5
278 280 0.5
280 275 0.5
280 278 0.5
286 287 1.0
287 286 1.0
288 322 0.2
288 323 0.2
288 326 0.2
288 328 0.2
288 329 0.2
291 247 1.0
291 117 0.14285714285714285
291 411 0.14285714285714285
291 412 0.14285714285714285
291 60 0.14285714285714285
291 414 0.14285714285714285
291 216 0.14285714285714285
291 225 0.14285714285714285
292 40 1.0
295 7 0.16666666666666666
295 273 0.16666666666666666
295 296 0.16666666666666666
295 298 0.16666666666666666
295 270 0.16666666666666666
295 300 0.16666666666666666
296 7 0.16666666666666666
296 295 0.16666666666666666
296 273 0.16666666666666666
296 298 0.16666666666666666
296 270 0.16666666666666666
296 300 0.16666666666666666
298 7 0.16666666666666666
298 295 0.16666666666666666
298 273 0.16666666666666666
298 296 0.16666666666666666
298 270 0.16666666666666666
298 300 0.16666666666666666
300 7 0.16666666666666666
300 295 0.16666666666666666
300 273 0.16666666666666666
300 296 0.16666666666666666
300 298 0.16666666666666666
300 270 0.16666666666666666
303 168 1.0
304 305 1.0
304 431 0.5
304 45 0.5
305 304 1.0
307 40 0.125
307 61 0.125
307 38 0.125
307 251 0.125
307 133 0.125
307 310 0.125
307 311 0.125
307 134 0.125
308 171 0.3333333333333333
308 186 0.3333333333333333
308 160 0.3333333333333333
309 214 1.0
310 40 0.125
310 61 0.125
310 38 0.125
310 251 0.125
310 307 0.125
310 133 0.125
310 311 0.125
310 134 0.125
311 40 0.125
311 61 0.125
311 38 0.125
311 251 0.125
311 307 0.125
311 133 0.125
311 310 0.125
311 134 0.125
312 37 0.125
312 313 0.125
312 314 0.125
312 315 0.125
312 317 0.125
312 320 0.125
313 37 0.125
313 312 0.125
313 314 0.125
313 315 0.125
313 317 0.125
313 320 0.125
314 37 0.125
314 312 0.125
314 313 0.125
314 315 0.125
314 317 0.125
314 320 0.125
315 37 0.125
315 312 0.125
315 313 0.125
315 314 0.125
315 317 0.125
315 320 0.125
317 37 0.125
317 312 0.125
317 313 0.125
317 314 0.125
317 315 0.125
317 320 0.125
320 37 0.125
320 312 0.125
320 313 0.125
320 314 0.125
320 315 0.125
320 317 0.125
320 256 1.0
321 324 0.3333333333333333
321 167 0.3333333333333333
321 327 0.3333333333333333
321 428 1.0
322 288 0.2
322 323 0.2
322 326 0.2
322 328 0.2
322 329 0.2
323 322 0.2
323 288 0.2
323 326 0.2
323 328 0.2
323 329 0.2
324 321 0.3333333333333333
324 167 0.3333333333333333
324 327 0.3333333333333333
326 322 0.2
326 288 0.2
326 323 0.2
326 328 0.2
326 329 0.2
327 321 0.3333333333333333
327 324 0.3333333333333333
327 167 0.3333333333333333
328 322 0.2
328 288 0.2
328 323 0.2
328 326 0.2
328 329 0.2
329 322 0.2
329 288 0.2
329 323 0.2
329 326 0.2
329 328 0.2
330 334 0.5
330 156 0.5
331 179 0.2
331 70 0.2
331 332 0.2
331 333 0.2
332 179 0.2
332 331 0.2
332 70 0.2
332 333 0.2
333 179 0.2
333 331 0.2
333 70 0.2
333 332 0.2
333 356 0.5
333 372 0.5
333 354 1.0
334 330 0.5
334 156 0.5
335 246 0.3333333333333333
335 74 0.3333333333333333
335 215 0.3333333333333333
336 43 1.0
337 340 0.3333333333333333
337 342 0.3333333333333333
337 345 0.3333333333333333
338 339 0.5
338 341 0.5
339 338 0.5
339 341 0.5
340 337 0.3333333333333333
340 342 0.3333333333333333
340 345 0.3333333333333333
341 338 0.5
341 339 0.5
342 337 0.3333333333333333
342 340 0.3333333333333333
342 345 0.3333333333333333
345 337 0.3333333333333333
345 340 0.3333333333333333
345 342 0.3333333333333333
347 40 0.5
347 40 0.16666666666666666
347 349 0.5
347 61 0.16666666666666666
347 352 0.16666666666666666
347 251 0.16666666666666666
347 246 0.16666666666666666
347 74 0.16666666666666666
348 80 1.0
349 347 0.5
349 40 0.5
351 232 1.0
352 347 0.16666666666666666
352 61 0.16666666666666666
352 40 0.16666666666666666
352 251 0.16666666666666666
352 246 0.16666666666666666
352 74 0.16666666666666666
354 62 1.0
354 62 0.08333333333333333
354 333 1.0
354 376 0.08333333333333333
354 370 0.08333333333333333
354 416 0.08333333333333333
354 417 0.08333333333333333
354 418 0.08333333333333333
354 419 0.08333333333333333
354 422 0.08333333333333333
354 143 0.08333333333333333
354 367 0.08333333333333333
354 423 0.08333333333333333
354 424 0.08333333333333333
356 70 1.0
356 372 0.5
356 333 0.5
359 360 0.25
359 246 0.25
359 61 0.25
359 74 0.25
360 359 0.25
360 246 0.25
360 61 0.25
360 74 0.25
362 43 1.0
366 373 1.0
367 369 1.0
367 376 0.08333333333333333
367 370 0.08333333333333333
367 416 0.08333333333333333
367 417 0.08333333333333333
367 418 0.08333333333333333
367 419 0.08333333333333333
367 422 0.08333333333333333
367 354 0.08333333333333333
367 143 0.08333333333333333
367 62 0.08333333333333333
367 423 0.08333333333333333
367 424 0.08333333333333333
369 367 1.0
370 62 1.0
370 62 0.08333333333333333
370 376 0.08333333333333333
370 416 0.08333333333333333
370 417 0.08333333333333333
370 418 0.08333333333333333
370 419 0.08333333333333333
370 422 0.08333333333333333
370 354 0.08333333333333333
370 143 0.08333333333333333
370 367 0.08333333333333333
370 423 0.08333333333333333
370 424 0.08333333333333333
372 356 0.5
372 333 0.5
373 366 1.0
375 376 0.5
375 377 0.5
376 375 0.5
376 377 0.5
376 370 0.08333333333333333
376 416 0.08333333333333333
376 417 0.08333333333333333
376 418 0.08333333333333333
376 419 0.08333333333333333
376 422 0.08333333333333333
376 354 0.08333333333333333
376 143 0.08333333333333333
376 367 0.08333333333333333
376 62 0.08333333333333333
376 423 0.08333333333333333
376 424 0.08333333333333333
377 375 0.5
377 376 0.5
379 380 1.0
380 379 1.0
380 420 1.0
382 383 1.0
383 382 1.0
392 62 1.0
395 235 1.0
397 118 1.0
399 217 0.5
399 247 0.5
400 90 1.0
401 220 1.0
403 270 1.0
409 215 0.2
409 410 0.2
409 74 0.2
409 61 0.2
409 134 0.2
410 215 0.2
410 409 0.2
410 74 0.2
410 61 0.2
410 134 0.2
411 117 0.14285714285714285
411 291 0.14285714285714285
411 412 0.14285714285714285
411 60 0.14285714285714285
411 414 0.14285714285714285
411 216 0.14285714285714285
411 225 0.14285714285714285
412 117 0.14285714285714285
412 411 0.14285714285714285
412 291 0.14285714285714285
412 60 0.14285714285714285
412 414 0.14285714285714285
412 216 0.14285714285714285
412 225 0.14285714285714285
413 118 1.0
414 117 0.14285714285714285
414 411 0.14285714285714285
414 291 0.14285714285714285
414 412 0.14285714285714285
414 60 0.14285714285714285
414 216 0.14285714285714285
414 225 0.14285714285714285
415 123 0.3333333333333333
415 120 0.3333333333333333
415 85 0.3333333333333333
416 376 0.08333333333333333
416 370 0.08333333333333333
416 417 0.08333333333333333
416 418 0.08333333333333333
416 419 0.08333333333333333
416 422 0.08333333333333333
416 354 0.08333333333333333
416 143 0.08333333333333333
416 367 0.08333333333333333
416 62 0.08333333333333333
416 423 0.08333333333333333
416 424 0.08333333333333333
417 376 0.08333333333333333
417 370 0.08333333333333333
417 416 0.08333333333333333
417 418 0.08333333333333333
417 419 0.08333333333333333
417 422 0.08333333333333333
417 354 0.08333333333333333
417 143 0.08333333333333333
417 367 0.08333333333333333
417 62 0.08333333333333333
417 423 0.08333333333333333
417 424 0.08333333333333333
418 376 0.08333333333333333
418 370 0.08333333333333333
418 416 0.08333333333333333
418 417 0.08333333333333333
418 419 0.08333333333333333
418 422 0.08333333333333333
418 354 0.08333333333333333
418 143 0.08333333333333333
418 367 0.08333333333333333
418 62 0.08333333333333333
418 423 0.08333333333333333
418 424 0.08333333333333333
419 376 0.08333333333333333
419 370 0.08333333333333333
419 416 0.08333333333333333
419 417 0.08333333333333333
419 418 0.08333333333333333
419 422 0.08333333333333333
419 354 0.08333333333333333
419 143 0.08333333333333333
419 367 0.08333333333333333
419 62 0.08333333333333333
419 423 0.08333333333333333
419 424 0.08333333333333333
420 380 1.0
422 376 0.08333333333333333
422 370 0.08333333333333333
422 416 0.08333333333333333
422 417 0.08333333333333333
422 418 0.08333333333333333
422 419 0.08333333333333333
422 354 0.08333333333333333
422 143 0.08333333333333333
422 367 0.08333333333333333
422 62 0.08333333333333333
422 423 0.08333333333333333
422 424 0.08333333333333333
423 376 0.08333333333333333
423 370 0.08333333333333333
423 416 0.08333333333333333
423 417 0.08333333333333333
423 418 0.08333333333333333
423 419 0.08333333333333333
423 422 0.08333333333333333
423 354 0.08333333333333333
423 143 0.08333333333333333
423 367 0.08333333333333333
423 62 0.08333333333333333
423 424 0.08333333333333333
424 376 0.08333333333333333
424 370 0.08333333333333333
424 416 0.08333333333333333
424 417 0.08333333333333333
424 418 0.08333333333333333
424 419 0.08333333333333333
424 422 0.08333333333333333
424 354 0.08333333333333333
424 143 0.08333333333333333
424 367 0.08333333333333333
424 62 0.08333333333333333
424 423 0.08333333333333333
425 40 0.16666666666666666
425 135 0.16666666666666666
425 41 0.16666666666666666
425 426 0.16666666666666666
425 134 0.16666666666666666
425 38 0.16666666666666666
426 40 0.16666666666666666
426 135 0.16666666666666666
426 41 0.16666666666666666
426 425 0.16666666666666666
426 134 0.16666666666666666
426 38 0.16666666666666666
428 321 1.0
431 304 0.5
431 45 0.5
432 241 0.5
432 436 0.5
433 434 0.5
433 435 0.5
434 433 0.5
434 435 0.5
435 433 0.5
435 434 0.5
436 241 0.5
436 432 0.5
443 444 1.0
444 443 1.0
